000 049 049 049 049 049 049 049 049 049 049 049 049 049 049 002 000 049 049 049 049 049 049 049 049 049 049 049 049 049 049 002
064 048 048 048 048 048 048 048 048 048 048 048 048 048 048 066 064 048 048 048 048 048 048 048 048 048 048 048 048 048 048 066
064 048 048 048 048 048 048 048 048 048 048 048 048 048 048 066 064 048 048 048 048 048 048 048 048 048 048 048 048 048 048 066
064 048 048 048 048 048 048 048 048 048 048 048 048 048 048 048 048 048 048 048 048 048 048 048 048 048 048 048 048 048 048 066
064 048 048 048 048 048 048 048 048 048 048 048 048 048 048 066 064 048 048 048 048 048 048 048 048 048 048 048 048 048 048 066
064 048 048 048 048 048 048 048 048 048 048 048 048 048 048 066 064 048 048 048 048 048 048 048 048 048 048 048 048 048 048 066
064 048 048 048 048 048 048 048 048 048 048 048 048 048 048 066 064 048 048 048 048 048 048 048 048 048 048 048 048 048 048 066
032 081 006 048 048 004 081 081 081 081 006 048 048 004 081 034 064 048 048 048 048 048 048 048 048 048 048 048 048 048 048 066
000 049 038 048 048 036 049 002 000 049 038 048 048 036 049 002 064 048 048 048 048 048 048 048 048 048 048 048 048 048 048 066
064 048 048 048 048 048 048 066 064 048 048 048 048 048 048 066 064 048 048 048 048 048 048 048 048 048 048 048 048 048 048 066
064 048 048 048 048 048 048 066 064 048 048 048 048 048 048 066 064 048 048 048 048 048 048 048 048 048 048 048 048 048 048 066
064 048 048 048 048 048 048 066 064 048 048 048 048 048 048 066 064 048 048 048 048 048 048 048 048 048 048 048 048 048 048 066
064 048 048 048 048 048 048 066 064 048 048 048 048 048 048 066 064 048 048 048 048 048 048 048 048 048 048 048 048 048 048 066
064 048 048 048 048 048 048 066 064 048 048 048 048 048 048 066 064 048 048 048 048 048 048 048 048 048 048 048 048 048 048 066
064 048 048 048 048 048 048 066 064 048 048 048 048 048 048 066 064 048 048 048 048 048 048 048 048 048 048 048 048 048 048 066
032 081 048 081 081 081 081 034 032 081 081 081 081 081 081 034 064 048 048 048 048 048 048 048 048 048 048 048 048 048 048 066
000 049 048 049 049 049 049 049 049 049 049 049 049 049 049 002 064 048 048 048 048 048 048 048 048 048 048 048 048 048 048 066
064 048 048 048 048 048 048 048 048 048 048 048 048 048 048 066 064 048 048 048 048 048 048 048 048 048 048 048 048 048 048 066
064 048 048 048 048 048 048 048 048 048 048 048 048 048 048 066 064 048 048 048 048 048 048 048 048 048 048 048 048 048 048 066
064 048 048 048 048 048 048 048 048 048 048 048 048 048 048 066 064 048 048 048 048 048 048 048 048 048 048 048 048 048 048 066
064 048 048 048 048 048 048 048 048 048 048 048 048 048 048 066 064 048 048 048 048 048 048 048 048 048 048 048 048 048 048 066
064 048 048 048 048 048 048 048 048 048 048 048 048 048 048 066 064 048 048 048 048 048 048 048 048 048 048 048 048 048 048 066
064 048 048 048 048 048 048 048 048 048 048 048 048 048 048 066 064 048 048 048 048 048 048 048 048 048 048 048 048 048 048 066
032 081 006 048 048 004 081 081 081 081 006 048 048 004 081 034 064 048 048 048 048 048 048 048 048 048 048 048 048 048 048 066
000 049 038 048 048 036 049 002 000 049 038 048 048 036 049 002 064 048 048 048 048 048 048 048 048 048 048 048 048 048 048 066
064 048 048 048 048 048 048 066 064 048 048 048 048 048 048 066 064 048 048 048 048 048 048 048 048 048 048 048 048 048 048 066
064 048 048 048 048 048 048 066 064 048 048 048 048 048 048 066 064 048 048 048 048 048 048 048 048 048 048 048 048 048 048 066
064 048 048 048 048 048 048 066 064 048 048 048 048 048 048 066 064 048 048 048 048 048 048 048 048 048 048 048 048 048 048 066
064 048 048 048 048 048 048 066 064 048 048 048 048 048 048 066 064 048 048 048 048 048 048 048 048 048 048 048 048 048 048 066
064 048 048 048 048 048 048 066 064 048 048 048 048 048 048 066 064 048 048 048 048 048 048 048 048 048 048 048 048 048 048 066
064 048 048 048 048 048 048 066 064 048 048 048 048 048 048 066 064 048 048 048 048 048 048 048 048 048 048 048 048 048 048 066
032 081 081 081 081 081 081 034 032 081 081 081 081 081 081 034 032 081 081 081 081 081 081 081 081 081 081 081 081 081 081 034
